TEAM,CONF,G,W,ADJOE,ADJDE,BARTHAG,EFG_O,EFG_D,TOR,TORD,ORB,DRB,FTR,FTRD,2P_O,2P_D,3P_O,3P_D,ADJ_T,WAB,POSTSEASON,SEED,YEAR,WPCT,SOS,QualTourney
Virginia,ACC,38,35,123,89.9,0.9736,55.2,44.7,14.7,17.5,30.4,25.4,29.1,26.3,52.5,45.7,39.5,28.9,60.7,11.1,Champions,1,2019,0.9211,11.18,Yes
Duke,ACC,37,29,122.3,92.9,0.9592,55.9,46.4,17.5,17.3,38.8,30,34.6,22.3,56,45.4,37.2,32,70.9,6.6,E8,2,2018,0.7838,8.49,Yes
Florida St.,ACC,35,23,113.2,96.4,0.8631,53.2,48.4,17.8,19.4,32.3,29.8,37,32.4,53.6,45.4,35,35.5,72.5,0.9,E8,9,2018,0.6571,12.85,Yes
Duke,ACC,38,32,118.9,89.2,0.9646,53.6,45,17.5,19.4,35.6,29.5,33.2,24,58,45,30.8,29.9,73.6,11.2,E8,1,2019,0.8421,12.85,Yes
Boston College,ACC,35,19,112.6,102.8,0.7399,52.1,51.8,18.2,17.6,30.1,26,30.7,27.1,51.1,50.1,35.9,36.1,70.9,-1.9,NA,NA,2018,0.5429,8.04,No
Georgia Tech,ACC,32,13,103.4,98.5,0.6385,46.9,49.2,19.2,18.9,30.8,30.6,34.8,31.8,46.6,45.4,31.8,37.9,67,-6.7,NA,NA,2018,0.4063,11.95,No
Louisville,ACC,36,22,112,96.4,0.8486,51.8,47,16.7,18.9,28.6,31.4,31.9,29.3,49.7,45.8,37.1,32.9,70.6,0.5,NA,NA,2018,0.6111,8.03,No
Notre Dame,ACC,35,21,114.1,99.4,0.8305,51.1,49.3,14.7,16.4,31.1,28.8,31,22.6,49.6,47,35.6,35.4,66.7,-0.7,NA,NA,2018,0.6,5.84,No
Pittsburgh,ACC,32,8,98.2,103.3,0.3571,48.2,50.1,20.9,16.6,22.7,34.8,31.9,31.3,47.8,50.1,32.5,33.4,66.5,-10.9,NA,NA,2018,0.25,12.6,No
Wake Forest,ACC,31,11,110.4,101.6,0.7242,50.5,51.5,18.8,17.5,30.5,27.7,31.9,39,47.4,48.1,37.4,37.7,70.7,-7.9,NA,NA,2018,0.3548,7.73,No
Boston College,ACC,31,14,106.2,101.5,0.628,48.5,48.4,17.5,16.6,28.6,31.5,35,29.4,49.1,48.8,31.7,32,68.8,-5.4,NA,NA,2019,0.4516,6.58,No
Clemson,ACC,34,20,107.2,90.3,0.8773,50.7,47.6,19.7,19.8,27.8,24.5,33.5,30,51.5,44.4,32.8,35,67.4,0.1,NA,NA,2019,0.5882,8.49,No
Georgia Tech,ACC,32,14,99.9,95.7,0.6205,49.2,45.7,21,18.7,25.3,31.6,34.3,34.8,50.7,46.3,30.7,29.7,68.5,-4.8,NA,NA,2019,0.4375,8.04,No
Miami FL,ACC,32,14,109.3,98.8,0.7632,50.8,52,16.9,19.8,25.9,29.8,30.8,22.7,51.4,51.7,33.3,34.9,68.3,-5.1,NA,NA,2019,0.4375,8.03,No
North Carolina St.,ACC,36,24,112.4,97.5,0.8368,52,49.4,17.3,21.5,36,28.8,28.5,38.8,51.6,51,35.2,30.9,72.8,1.9,NA,NA,2019,0.6667,12.6,No
Notre Dame,ACC,33,14,107.3,99.8,0.6981,46.2,49,14,16.4,29,31.1,30.1,21.8,45.4,48.6,31.5,33.1,66.6,-5.7,NA,NA,2019,0.4242,7.73,No
Pittsburgh,ACC,33,14,103.3,98.2,0.6421,47.9,47.7,19.6,21.3,32.1,32.8,42.3,32.9,46.9,45.8,33.1,33.6,68.7,-6.3,NA,NA,2019,0.4242,6.77,No
Wake Forest,ACC,31,11,103.5,103.2,0.5087,44.8,53.3,19.4,16.1,33.9,27.3,37.6,35.2,44.1,54.7,30.8,34.1,68.9,-7.5,NA,NA,2019,0.3548,7.92,No
North Carolina,ACC,37,26,120.7,97.1,0.9242,52,50.1,16.7,16.3,37.4,25.5,28,26,51,45.3,35.9,38,72.6,7.1,R32,2,2018,0.7027,13.26,Yes
Miami FL,ACC,32,22,113.3,96.6,0.8623,53.1,49,16.8,18.8,29.1,28.2,29.1,28.1,52.2,48.8,36.4,32.8,68.2,2.7,R64,6,2018,0.6875,8.08,Yes
North Carolina St.,ACC,33,21,115.6,101.3,0.821,53.4,51.6,16.8,20.4,33.4,32,34.2,33.7,52.1,53.6,37.2,31.6,72.8,0.9,R64,9,2018,0.6364,7.71,Yes
Virginia,ACC,34,31,114.6,86.7,0.9612,52.7,44.3,14,20.9,27,25.6,24.5,26.2,50.1,42.8,38.3,31,60.5,11.3,R64,1,2018,0.9118,9.24,Yes
Virginia Tech,ACC,33,21,115.2,98.6,0.8579,57.7,50.4,17,18.6,23.9,29.4,36.5,29.4,57.3,49.2,38.8,34.7,70.2,1.3,R64,8,2018,0.6364,7.91,Yes
Louisville,ACC,34,20,112.9,93.1,0.9023,50.9,46.7,17.5,16.1,29.1,25.9,34.9,32,50.6,46,34.2,32,68.6,2.3,R64,7,2019,0.5882,11.95,Yes
Syracuse,ACC,34,20,110.5,94.2,0.8622,49.6,48.1,18.5,23.1,30.2,33.4,36.8,34.3,49.3,46.9,33.3,32.9,67.3,0.4,R64,8,2019,0.5882,9.4,Yes
Clemson,ACC,35,25,112.5,93.1,0.8984,52.9,47.2,17.4,17.4,27.2,26.3,33.5,27.2,51.6,43.9,36.6,35.2,67.2,3.9,S16,5,2018,0.7143,10.22,Yes
Syracuse,ACC,37,23,106,92.1,0.8344,46.9,46.2,19.1,19.5,34.7,30.4,40.5,31.4,46.6,45.1,31.7,31.8,64,-0.4,S16,11,2018,0.6216,9.81,Yes
Florida St.,ACC,37,29,111.7,90.9,0.9146,50.5,47.2,18.9,20.3,32.8,27,35.8,35.7,50.9,45.3,33.2,33.5,70,7.6,S16,4,2019,0.7838,10.46,Yes
North Carolina,ACC,36,29,120.1,91.4,0.9582,52.9,48.9,17.2,18.3,35.3,22.8,30.2,28.4,52.1,47.9,36.2,33.5,76,10,S16,1,2019,0.8056,5.84,Yes
Virginia Tech,ACC,35,26,117.8,93.4,0.9357,55.6,49,17.3,21.6,29.6,27.2,31.9,26.3,52.9,49,39.4,32.7,65.1,5,S16,4,2019,0.7429,8.47,Yes
Florida St.,ACC,22,16,117.8,94,0.9305,54.4,46.5,20.1,19.6,35.4,31.4,32.7,36.3,52.1,44.2,39,33.3,70.4,2.5,S16,4,2021,0.7273,13.48,Yes
Virginia,ACC,24,18,114.6,93.9,0.9079,56.1,47.9,15.4,15.2,23.1,22.6,22,24.6,55.3,46.1,38.1,34,59.9,3.4,R64,4,2021,0.75,12.05,Yes
Clemson,ACC,23,16,105.9,91.9,0.8374,50.4,48.7,19.5,21.6,26.6,26.6,23.6,29.6,49.2,47.5,34.6,33.7,64.4,2.9,R64,7,2021,0.6957,14.39,Yes
North Carolina,ACC,28,18,108.8,91.6,0.8777,48.5,48.7,20.5,19.3,41.2,26.3,34.9,27.1,48.9,46.8,31.7,34.4,71.8,2.3,R64,8,2021,0.6429,10.91,Yes
Georgia Tech,ACC,25,17,113,94.8,0.882,53.9,52.2,15.9,22.7,24.8,29.7,29,28.9,54.8,50.7,34.9,36.7,67.7,1.9,R64,9,2021,0.68,12.7,Yes
Virginia Tech,ACC,21,15,109.3,94.5,0.8426,52.5,48.4,17.3,17.6,28.4,24.3,33.2,30.9,51.7,47.6,35.7,33,66.5,0.9,R64,10,2021,0.7143,9.69,Yes
Syracuse,ACC,25,16,112.8,97.6,0.8402,50.7,48.5,16,20.8,30.1,33.5,28.1,25.1,50.9,49.3,33.7,31.6,69.4,0.5,S16,11,2021,0.64,12.94,Yes
Boston College,ACC,20,4,103.3,102.3,0.5269,49.8,55.5,19,18.7,25.4,28.8,29.7,29.1,49.9,56.7,33.1,35.5,71.4,-7.6,N/A,NA,2021,0.2,13.86,Yes
Wake Forest,ACC,21,6,102,100.7,0.5386,49,54.5,20,17.9,26.2,25.9,28.5,32.1,45.9,52.8,35.1,38.3,66.8,-7.1,N/A,NA,2021,0.2857,13.51,Yes
Pittsburgh,ACC,22,10,107.9,100,0.7062,48.8,50,18.3,17.5,34.5,26,36.9,33.3,47.8,51.1,33.9,32.3,68.7,-4,N/A,NA,2021,0.4545,10.58,Yes
Miami FL,ACC,27,10,102,99,0.5851,47.4,52.6,18.5,18,27.1,26.2,32.8,19.8,49,49.6,29.5,37.9,67.9,-6.5,N/A,NA,2021,0.3704,11.91,Yes
Notre Dame,ACC,26,11,113.4,102.6,0.7592,53.9,50.8,15.7,12.7,22,29.7,25.9,19.7,52.9,48.5,36.8,36.6,67.3,-3.6,N/A,NA,2021,0.4231,14.31,Yes
North Carolina St.,ACC,23,13,110.6,97.2,0.8152,52.7,51.6,18.7,22,30.1,32.5,32.1,29.4,51.7,50.6,36.6,35.7,68,-1.6,N/A,NA,2021,0.5652,14.79,Yes
Duke,ACC,24,13,115.1,97.1,0.8758,53.7,51.3,18.3,19.8,32,29,23.4,31.9,54.3,50.4,35.1,35.5,68.5,-1.8,N/A,NA,2021,0.5417,12.27,Yes
Louisville,ACC,20,13,106.6,94.7,0.7967,47.8,48.4,17.2,16.6,32,26.2,32.1,29.8,48.4,50.3,30.8,30.5,66.1,1.3,N/A,NA,2021,0.65,13.29,Yes
Duke,ACC,39,32,122.7,96,0.944,55.6,47.1,15,15.7,31.7,28.9,28.6,19.1,56,46.6,36.6,32,67.4,7.2,F4,2,2022,0.8205,18.17,Yes
North Carolina,ACC,39,29,114.4,93.5,0.9113,51.5,48.6,16.4,13.6,31.9,21.6,30.3,21.4,50.1,47.5,35.8,33.7,70.1,4.3,2ND,8,2022,0.7436,18.33,Yes
Miami FL,ACC,37,26,113.6,97.9,0.8467,53.4,52.5,14,20.4,22.4,30.3,28.9,24.8,54.8,53,33.9,34.5,67.7,2.6,E8,10,2022,0.7027,16.41,Yes
Virginia Tech,ACC,36,23,115.6,95.2,0.9028,55.1,49,17,18.7,27.8,26.2,24.5,25.6,52.6,49.3,39.2,32.3,63.3,1.7,R64,11,2022,0.6389,17.1,Yes
Notre Dame,ACC,34,24,112.8,96.7,0.8542,54,49,15.6,15.1,22.1,24.7,27.3,22.2,51.9,49.6,37.9,32,65.4,1.9,R32,11,2022,0.7059,16.44,Yes
Wake Forest,ACC,35,25,110.7,95,0.8543,55.6,47.3,19.2,17.6,26.7,26.2,33.6,29.4,58.5,46.6,34.5,32.3,70.4,1.5,N/A,N/A,2022,0.7143,17.72,Yes
Syracuse,ACC,33,16,116.1,101.4,0.8271,52.5,50.6,15.4,16.7,29.2,32.1,28.3,23.5,49.9,51.6,37.6,33,67.7,-3.8,N/A,N/A,2022,0.4848,17.03,Yes
Virginia,ACC,35,21,107.4,95.1,0.8012,49.7,48.8,16.1,18.3,27.8,28.8,28.1,23.3,50.3,47.9,32.3,33.6,59.3,-0.5,N/A,N/A,2022,0.6,18.3,Yes
Clemson,ACC,33,17,109.4,98.3,0.7753,52.4,49.7,16.4,16.9,25.8,24.1,29.8,29.1,51.2,49.4,36.3,33.4,66.4,-3.7,N/A,N/A,2022,0.5152,19.18,Yes
Florida St.,ACC,31,17,105.2,98.4,0.6833,49,52.2,18.1,21,31.7,31.1,30.3,30.4,48.7,50,33.1,36.9,67.8,-1.6,N/A,N/A,2022,0.5484,17.9,Yes
Boston College,ACC,33,13,103.9,98.8,0.6422,47.8,51.5,17.9,18.7,29.9,25.7,29.6,31.5,48.5,49.8,30.9,36.4,65,-8.3,N/A,N/A,2022,0.3939,19.38,Yes
Louisville,ACC,32,13,103,98.3,0.631,48.8,50.3,18,16.3,27.3,24.9,25.1,30,50.5,49.1,30.9,34.9,67.3,-6.8,N/A,N/A,2022,0.4063,16.61,Yes
North Carolina St.,ACC,32,11,109.2,104.5,0.625,47.9,53.4,14.5,18.3,30.3,31,29.1,29.4,45.9,53,34,36.1,67.1,-9,N/A,N/A,2022,0.3438,17.99,Yes
Georgia Tech,ACC,31,12,100.5,97.8,0.5792,49.6,50.1,18.9,18.8,25,28.1,25,31.5,48.6,51.4,34.4,32.1,68.1,-8.3,N/A,N/A,2022,0.3871,18.13,Yes
Pittsburgh,ACC,32,11,98.9,101.1,0.4379,46.7,52,21.2,16.5,30.5,26.1,39.4,29.4,46.5,49.5,31.4,36.8,64,-8.9,N/A,N/A,2022,0.3438,13.25,Yes
Virginia,ACC,33,25,110,94,0.8591,51.2,48.3,13.6,19.5,25.6,24.9,34.7,26.3,50.4,46.4,35,34.1,61.3,4.1,R64,4,2023,0.7576,17.29,Yes
Miami FL,ACC,37,29,119.1,100.9,0.8715,54.3,51.2,16.1,18.1,31.8,28.8,30.7,24,53.8,51.8,36.8,33.5,68.6,3.7,F4,5,2023,0.7838,15.83,Yes
Duke,ACC,36,27,113.3,92.9,0.9072,51.1,46,18.3,16.5,35.9,26.1,29.9,23.7,51.5,46.2,33.5,30.5,64.9,4.5,R32,5,2023,0.75,14.05,Yes
Pittsburgh,ACC,36,24,113.1,101.6,0.7743,52.5,48.5,16.3,16.6,29.5,28.6,32.9,30.4,51.4,48.2,36,32.6,67.2,-0.3,R32,11,2023,0.6667,14.29,Yes
North Carolina St.,ACC,34,23,113.6,99.2,0.8272,51.5,49.8,13.5,18.8,30.4,26.2,25.3,34,51.1,50.9,34.7,31.6,69.2,1.1,R64,11,2023,0.6765,15.52,Yes
Louisville,ACC,32,4,101.2,109.4,0.2915,48,54.1,22.3,15.2,28.2,30.1,32.9,30.6,47.3,54.9,32.9,35.2,66.5,-16.8,N/A,N/A,2023,0.125,11.88,Yes
Florida St.,ACC,32,9,104,106.6,0.4299,49.3,53.1,17.6,17.1,25.9,31.5,30.4,30.9,49.2,50.8,33,37.6,68.7,-11.9,N/A,N/A,2023,0.2813,14.52,Yes
Notre Dame,ACC,32,11,108.5,105.8,0.5743,52,52.1,13.4,13.6,19.6,26.5,23.3,26.5,50.6,52.4,35.8,34.3,64.7,-11.6,N/A,N/A,2023,0.3438,12.84,Yes
Georgia Tech,ACC,31,15,104.7,102.2,0.5687,48.5,50.1,15.6,15.9,27.5,29.9,23.5,30.8,47.4,52,33.4,31,66.5,-8.1,N/A,N/A,2023,0.4839,15.18,Yes
Boston College,ACC,33,16,102.5,101.7,0.5223,48.7,51.5,18.3,18.3,27.6,28.3,27.3,27.6,49.2,49.1,31.9,36.8,66.5,-6.6,N/A,N/A,2023,0.4848,13.38,Yes
Syracuse,ACC,32,17,109,105.7,0.5863,51.6,51.2,17,18.7,30,33.6,30.7,21.7,50.5,50.9,36.1,34.4,67.2,-5.7,N/A,N/A,2023,0.5313,16.04,Yes
Wake Forest,ACC,33,19,111.4,101.5,0.7432,54.2,51.6,17.1,17.3,24.8,26.6,32.1,26.7,54,51,36.4,35,69.4,-3,N/A,N/A,2023,0.5758,15.58,Yes
Virginia Tech,ACC,34,19,114,102.6,0.771,54,50.7,14.7,16.3,25.9,27.7,25.9,25.2,54.3,50.5,35.8,34,66.6,-3.2,N/A,N/A,2023,0.5588,15.43,Yes
North Carolina,ACC,33,20,111.5,96.4,0.8431,49.2,48.7,15.2,14.9,30.4,23.3,37,26.3,50.8,48.4,31.1,33,68.8,-0.7,N/A,N/A,2023,0.6061,15.2,Yes
Clemson,ACC,34,23,110.9,97.7,0.8096,54.1,47.3,16.1,16.4,23.4,24.3,30.5,30.7,53.7,45.6,36.4,33.2,68,-0.3,N/A,N/A,2023,0.6765,16.72,Yes
Michigan,B10,40,33,114.4,90.4,0.9375,53.9,47.7,14,19.5,25.5,24.9,30.7,30,54.7,46.8,35.2,33.2,65.9,6.9,2ND,3,2018,0.825,16.46,Yes
Purdue,B10,36,26,122.8,94.3,0.9539,53.6,49,15.8,18.6,34.5,27,29.9,31.7,51.5,47.2,37.4,34.2,67,6.1,E8,3,2019,0.7222,17.38,Yes
Michigan St.,B10,39,32,119.9,91,0.9597,55.2,43.9,18.5,14.9,33.9,26.4,33.6,27.5,54.3,41.9,37.8,31.6,68.6,10.7,F4,2,2019,0.8205,16.27,Yes
Illinois,B10,31,14,110.7,101.7,0.727,49.8,53.3,18.8,23.2,34,31.3,33.1,47.9,49.8,54.1,33.2,34.5,71.2,-6.5,NA,NA,2018,0.4516,15.67,No
Indiana,B10,31,16,108.8,98,0.7685,51.1,50.8,18.2,19.7,31.8,29.5,36.4,32.2,52.5,48.4,32.2,36.7,67.8,-2.9,NA,NA,2018,0.5161,17.97,No
Iowa,B10,33,14,116.1,106.9,0.7202,54.3,53.1,18.7,15.5,34.1,28,35.4,28.1,53.3,51.2,37.5,37.6,71.4,-5.7,NA,NA,2018,0.4242,12.08,No
Maryland,B10,31,19,113.9,97.8,0.853,54.3,47.5,20.4,16.3,31.4,28.2,37.9,24,53.9,45.6,36.8,33.8,67.5,-0.6,NA,NA,2018,0.6129,14.8,No
Minnesota,B10,32,15,108.3,101.8,0.6706,48.7,50.5,15.5,16,30,29.5,35.1,27.1,47.1,47.3,34.6,37.5,71.2,-5,NA,NA,2018,0.4688,12.69,No
Nebraska,B10,33,22,110.4,96.1,0.8325,49.1,47,16,18.3,30.1,34,37.6,26.5,47.6,46.5,34.6,32.2,68.7,1.9,NA,NA,2018,0.6667,14.54,No
Northwestern,B10,31,15,109,99,0.7512,49.5,51,17.8,19,29.4,27.7,29.1,37,47.1,48.9,35.4,36.2,65.5,-4.2,NA,NA,2018,0.4839,14.72,No
Penn St.,B10,39,26,115,93.6,0.9148,52.6,48.3,17.3,19.5,31.7,28.2,31.5,32.1,49.8,46.7,38.7,34.2,68.7,-0.5,NA,NA,2018,0.6667,12.37,No
Rutgers,B10,33,15,98.1,95,0.589,43.6,48,17.2,20.5,33.3,29.1,30.5,30.8,43.4,47.6,29.6,32.5,67.2,-6.8,NA,NA,2018,0.4545,16.91,No
Wisconsin,B10,33,15,108.7,98.3,0.7618,50.9,51.2,16.8,18.4,28.4,27.7,32.7,30.2,51.2,50.6,33.5,35,63.9,-3.8,NA,NA,2018,0.4545,14.77,No
Illinois,B10,33,12,109.7,99.1,0.7633,49.6,52.2,18.4,21.8,29.1,31.9,29.5,42.4,48.2,53.6,34.5,33,71.9,-5.5,NA,NA,2019,0.3636,10.75,No
Indiana,B10,35,19,107.5,95.2,0.802,51,48.2,17.9,18.1,28.1,28.1,34.6,29.2,53.1,47.3,31.2,33.1,68.5,0,NA,NA,2019,0.5429,12.31,No
Nebraska,B10,35,19,112.5,98.1,0.8285,49.2,48.1,14.3,19.3,28.5,32.1,33,30,48.6,46.9,33.4,33.8,68,0,NA,NA,2019,0.5429,15.85,No
Northwestern,B10,32,13,101.2,92.8,0.7319,46.6,46.7,16.1,17.9,24.2,26.3,30.2,34,46.4,48,31.3,29.3,67.3,-5.7,NA,NA,2019,0.4063,15.42,No
Penn St.,B10,32,14,109.9,92.8,0.8755,47.5,49.9,18.1,19.6,31.9,26.3,32.3,34.1,47.2,48.4,32,35.4,68.9,-2.7,NA,NA,2019,0.4375,13.11,No
Rutgers,B10,31,14,104.9,96.1,0.7336,47,49.2,19.1,17.4,33.4,27,31.7,32.4,47.2,47,31.2,35.3,69,-3.5,NA,NA,2019,0.4516,9.1,No
Michigan St.,B10,35,30,118.9,94.3,0.9347,56.9,42.7,19.2,14.6,37,26.6,35.9,30.7,55.2,38.4,40.1,33.7,68,8,R32,3,2018,0.8571,12.7,Yes
Ohio St.,B10,34,25,116,94.3,0.9154,54.1,48.7,17.1,17.9,30.2,25.2,31.1,29.5,54.7,46.1,35.3,35.1,68.2,4.5,R32,5,2018,0.7353,8.75,Yes
Iowa,B10,35,23,116.1,100.6,0.8385,52.7,51.5,17.2,18.4,29.8,29.4,42.3,28.8,51.4,53.5,36.4,32.4,70.9,3.2,R32,10,2019,0.6571,10.64,Yes
Maryland,B10,34,23,111.6,93.3,0.8875,51.4,45.9,19.4,14.1,34.1,24.8,32.8,26.6,50.8,44.7,34.9,31.9,67.7,4.2,R32,6,2019,0.6765,10.75,Yes
Minnesota,B10,36,22,110.4,96.3,0.8284,48.2,49.5,17.1,16.9,31.4,28.4,41.6,28.2,48.5,48.7,31.7,34,68.8,2.7,R32,10,2019,0.6111,12.18,Yes
Ohio St.,B10,35,20,107.8,93.8,0.8329,50.3,48.3,18.7,18.2,27.6,25.9,33.7,31.8,49.7,47.9,34.1,32.7,67.2,0.9,R32,11,2019,0.5714,11.68,Yes
Wisconsin,B10,34,23,108.2,88.6,0.9089,51.1,45.2,14.6,17.2,24.5,26.5,27.3,25.8,49.7,44.1,35.9,31.5,65,6.3,R64,5,2019,0.6765,12.97,Yes
Purdue,B10,37,30,123.2,95.7,0.9484,57.7,47,15.8,17.7,28,28,35.6,24.2,54.1,45.5,42,33.2,68.7,7.6,S16,2,2018,0.8108,9.02,Yes
Michigan,B10,37,30,114.6,85.6,0.9665,51.6,44.1,13.9,18,24.7,24.8,27.5,24.1,51.8,44.3,34.2,29.1,65.9,9.2,S16,2,2019,0.8108,11.27,Yes
Michigan,B10,24,20,118.1,91.1,0.9521,54.9,44.9,16.3,15.1,29.4,24.8,28.9,24.5,53.3,42.3,38.7,33.5,66.9,7.2,E8,1,2021,0.8333,16.44,Yes
Illinois,B10,29,23,117.7,90.4,0.9539,55.6,46.6,18.2,16.1,33,22.2,39.2,30.5,55.3,45.4,37.6,32.7,70.7,8.9,R32,1,2021,0.7931,18.17,Yes
Iowa,B10,29,21,123.5,95.7,0.9491,54.6,48.3,13.3,16.3,30.7,28.6,32,22.6,52.4,45.8,38.6,34.8,70,5.6,R32,2,2021,0.7241,16.41,Yes
Ohio St.,B10,30,21,122.1,97,0.934,53.1,48.9,15.3,15,29.1,27.4,37.6,33.8,52.1,47.4,36.5,34.1,66.9,6,R64,2,2021,0.7,17.9,Yes
Purdue,B10,27,18,112.4,92.9,0.8994,51.4,48.6,18.7,16.9,32.2,24.1,32.2,30.3,52.1,49.7,33.5,31.5,66.6,3.8,R64,4,2021,0.6667,16.61,Yes
Wisconsin,B10,29,17,111.3,90.4,0.9163,49.4,47.9,13.5,17.8,23.7,25.1,26.9,28.5,46.3,47.1,36,33,65,2.2,R32,9,2021,0.5862,18.13,Yes
Rutgers,B10,26,15,106.7,91.9,0.847,50.2,47.7,16.4,18.9,27.4,29.1,27.7,33.2,51.9,47.4,31.1,32.1,67.8,1.9,R32,10,2021,0.5769,17.99,Yes
Maryland,B10,28,16,110,93,0.8735,52.6,48.5,16.8,16.9,20.9,24.8,32.6,25.6,52.8,46.4,34.9,34.3,65.4,0.2,R32,10,2021,0.5714,17.1,Yes
Michigan St.,B10,27,15,105.8,93.5,0.8054,47.9,47.8,18.9,15.4,30.4,26.1,31.4,37.1,47.8,48.1,32,31.5,68.7,1.4,R68,11,2021,0.5556,17.72,Yes
Nebraska,B10,26,7,101.5,93.3,0.7241,48.2,49.8,19.7,18.1,23.1,28.9,31,28.4,47.1,52.1,33.2,31.3,72.1,-6.9,N/A,NA,2021,0.2692,18.3,Yes
Northwestern,B10,23,9,103.8,94.1,0.7576,50.3,50.2,17.2,17.9,19.9,25.8,26.8,33.7,49.1,50.5,34.6,33.2,68.6,-2.9,N/A,NA,2021,0.3913,19.18,Yes
Penn St.,B10,25,11,111.2,95.8,0.8484,47.9,53,16.3,19.7,31.9,24.8,27.8,33.5,45.8,53.9,33.8,34.5,69.1,-0.5,N/A,NA,2021,0.44,19.38,Yes
Indiana,B10,27,12,108.3,94.4,0.8278,48.5,48.8,17.2,17.6,25.5,27.4,41.5,33.5,48.5,48.1,32.4,33.4,66.3,-1.2,N/A,NA,2021,0.4444,18.33,Yes
Minnesota,B10,29,14,107.4,95.7,0.7911,45,49.7,15.5,19,29,31.3,36.7,34.3,46.7,48.3,28.4,35.2,70.5,-1.1,N/A,NA,2021,0.4828,17.03,Yes
Purdue,B10,37,29,121.6,97.5,0.9267,56.5,49.1,17.5,14,35.2,23.8,38.2,21.6,55.8,48.6,38.4,33.2,66,7,S16,3,2022,0.7838,13.25,Yes
Wisconsin,B10,33,25,108.7,93.4,0.8511,47.7,49,13,17,25.9,24.4,32.4,27.2,48.7,49,30.7,32.5,66.4,6.5,R32,3,2022,0.7576,17.29,Yes
Illinois,B10,33,23,111.9,93,0.8943,52.5,46,18.1,15.5,33.1,26.6,32,28.2,51.4,45.2,35.9,31.9,67.1,4.2,R32,4,2022,0.697,10.44,Yes
Iowa,B10,36,26,121.1,97.2,0.9265,53.3,49.7,13,19.2,32.3,30,30,26.3,52.5,49.9,36.3,32.9,69.8,4.5,R64,5,2022,0.7222,11.25,Yes
Ohio St.,B10,32,20,115.5,98.5,0.8612,54.3,47.6,17.1,15.5,29.3,28.7,33.4,29.1,54,45.8,36.5,33.8,65.1,1.3,R32,7,2022,0.625,9.83,Yes
Michigan St.,B10,36,23,111.6,96.6,0.8405,52,48.1,18.8,15.3,30.7,27.1,29.9,28.3,49.6,48.5,37.8,31.6,67.6,2.9,R32,7,2022,0.6389,12.15,Yes
Michigan,B10,34,19,113.9,96.2,0.8741,52.1,49.7,17.3,14.7,31,24,29.4,25.6,52.7,50.4,33.9,32.4,66.4,0.2,S16,11,2022,0.5588,10.93,Yes
Rutgers,B10,32,18,106.6,96.3,0.7629,49.9,48.6,17.3,17.8,29.6,27,26.2,28.6,49.4,47.1,33.9,33.9,65,-0.7,R68,11,2022,0.5625,7.92,Yes
Indiana,B10,35,21,107.7,91.6,0.8652,50.6,46.2,17.2,17.6,27,25.1,33.5,30.7,50.9,43.9,33.3,33,67.2,0.2,R64,12,2022,0.6,8.51,Yes
Maryland,B10,32,15,108.7,99.4,0.7378,49.4,50.2,16.8,16.1,27.2,27.6,33.9,24.6,49.7,48.2,32.6,35.5,66.7,-3.8,N/A,N/A,2022,0.4688,9.02,Yes
Northwestern,B10,30,15,105.5,96.7,0.7322,49,50.8,14.1,19.3,25.6,25.1,25.1,34.8,47.2,47.7,34.6,36.8,67.8,-3.9,N/A,N/A,2022,0.5,7.86,Yes
Penn St.,B10,31,14,104,96.4,0.7046,50.5,48.3,18.6,13.8,28.6,24.1,21.8,26.2,49.9,45.6,34.2,35.2,61.9,-3.9,N/A,N/A,2022,0.4516,9.4,Yes
Minnesota,B10,30,13,106.1,100.8,0.6435,50.7,51.2,14,15.8,17.7,27.5,23.6,23.3,48,51.6,36.8,33.7,65.1,-4.8,N/A,N/A,2022,0.4333,8.87,Yes
Nebraska,B10,32,10,106.5,101.4,0.6388,50.3,51.5,17.1,18.3,20.6,31.4,33.3,29.4,51.8,51.2,32,34.7,71.4,-9.1,N/A,N/A,2022,0.3125,6.72,Yes
Purdue,B10,35,29,117.9,93.7,0.9333,51.8,47.2,17.2,15.4,38.4,23.5,37.2,19.2,54.1,47.2,32.2,31.3,63.9,9.4,R64,1,2023,0.8286,9.17,Yes
Indiana,B10,35,23,113.1,96.9,0.8557,53.5,47.2,16.8,16.3,28.1,29,29.5,29.8,53,45.4,36.8,33.4,67.9,3.4,R32,4,2023,0.6571,10.69,Yes
Northwestern,B10,34,22,109.7,93.4,0.8642,47.3,48.4,14.7,21.3,28.6,27.7,29.7,31.6,46.7,46.8,32.1,33.8,64.5,1.6,R32,7,2023,0.6471,9.29,Yes
Michigan St.,B10,34,21,114.4,96.4,0.8771,51.7,48.6,16.4,14.8,27.6,25.2,27.2,28,48.2,48.7,39.3,32.4,64.6,2.4,S16,7,2023,0.6176,12.57,Yes
Maryland,B10,35,22,112.6,95.8,0.8658,50.8,47.7,16.5,18.4,30,28.1,34.3,28.4,51.8,47.4,32.8,32.3,64.3,1,R32,8,2023,0.6286,8.94,Yes
Iowa,B10,33,19,119.9,103.9,0.8385,51.7,53.3,14,18.2,32.1,27.4,32.3,23.8,52.1,52.5,34,36.6,69.6,0.3,R64,8,2023,0.5758,12.56,Yes
Illinois,B10,33,20,108.9,95.4,0.8216,51.4,46.7,18.4,18.5,31.6,26.7,34.3,30.1,55.1,45.1,30.8,33.4,69.8,0.9,R64,9,2023,0.6061,8.8,Yes
Penn St.,B10,37,23,117.5,100.7,0.8547,55.4,49.1,13.7,13.1,19.2,25.6,21.3,25.5,53.1,49.2,38.7,32.7,64.3,1.3,R32,10,2023,0.6216,10.08,Yes
Minnesota,B10,31,9,102.3,104.9,0.426,49,50.5,19.6,14.8,25,30.8,30.8,24.8,49.2,49.1,32.5,35.9,65.6,-9.8,N/A,N/A,2023,0.2903,8.56,Yes
Nebraska,B10,32,16,106,98.4,0.703,51.7,49.9,18.6,17.7,24.7,28.3,28.2,21.9,53.4,49,32.6,34.1,66.8,-2.1,N/A,N/A,2023,0.5,5.5,Yes
Ohio St.,B10,35,16,115.8,100.7,0.8322,52,48.9,16.1,15.9,31.5,28.6,26.6,28.1,50.6,49.3,36.8,32.1,66,-3.1,N/A,N/A,2023,0.4571,11.18,Yes
Michigan,B10,34,18,111.7,97.1,0.8323,51.6,47.9,15.2,14.4,25.7,25.8,30.8,25.8,51,48,35.1,31.7,67.5,-1.8,N/A,N/A,2023,0.5294,9.53,Yes
Rutgers,B10,34,19,105.4,91,0.8438,47.9,46.6,17.1,21.7,32.1,27.9,28.2,27.4,47.9,47,32.1,30.7,65.8,-1,N/A,N/A,2023,0.5588,7.8,Yes
Wisconsin,B10,35,20,106.5,94,0.8075,48.3,50.2,13.4,18.3,22.6,24.9,25,27.5,46.3,51.8,34.2,31.6,63.3,-0.5,N/A,N/A,2023,0.5714,10.57,Yes
Texas Tech,B12,38,31,115.2,85.2,0.9696,53.5,43,17.7,22.8,27.4,28.7,32.9,36.6,52.8,41.9,36.5,29.7,67.5,7,2ND,3,2019,0.8158,11.18,Yes
Kansas St.,B12,37,25,109.6,93.7,0.8584,52.6,49.1,17.2,21.6,25.9,31.9,33.8,36.8,53.4,48.9,34.1,33,66.5,2.5,E8,9,2018,0.6757,9.39,Yes
Texas Tech,B12,37,27,112.7,91.5,0.917,52,46.4,17.8,21.7,32.9,28.7,39.3,38,51.1,45.1,35.9,32.3,67.6,4.7,E8,3,2018,0.7297,10.31,Yes
Kansas,B12,39,31,122.1,96.4,0.9385,57.5,49.1,16.6,18.2,29.4,31.2,27,24.6,55.6,48.6,40.1,33.3,69.9,8.2,F4,1,2018,0.7949,12.41,Yes
Baylor,B12,33,19,110.5,95.5,0.843,51.8,47.7,19.8,17.2,35.5,29.7,32.2,30.2,51.3,46.2,35.4,33.4,67.6,0.1,NA,NA,2018,0.5758,10.02,No
Iowa St.,B12,31,13,110.2,101.3,0.7249,49.9,51,17,16.4,29.5,30.6,29.8,26.5,47.9,51,35.8,33.9,70.1,-4.3,NA,NA,2018,0.4194,10.71,No
Oklahoma St.,B12,36,21,112.7,96.8,0.852,49.8,50,18.1,20.3,34.2,31.1,32.2,35.6,48.3,47.5,34.8,36.7,70,0.1,NA,NA,2018,0.5833,9.22,No
Oklahoma St.,B12,32,12,109.1,100.6,0.7177,50.1,50.3,18,17.6,26.4,29.4,30.6,31.5,46,48.3,37.2,35.4,67.5,-4.1,NA,NA,2019,0.375,13.12,No
TCU,B12,37,23,109.8,94.5,0.8486,52.1,48.4,19.2,18.6,31.2,28.7,31.7,27.7,52.3,49.9,34.6,30.4,70.1,1.1,NA,NA,2019,0.6216,9.66,No
Texas,B12,37,21,113.3,93.7,0.899,50.9,48.7,16.2,18.9,28.1,29.5,29.7,29.7,49.8,46.2,34.8,35.4,66.1,-0.5,NA,NA,2019,0.5676,11.96,No
West Virginia,B12,36,15,108.8,100.7,0.7087,47.5,52.4,21.3,18.5,36.9,28.7,38.9,38,47.6,51.3,31.6,36.1,71.9,-3.7,NA,NA,2019,0.4167,11.6,No
Baylor,B12,34,20,114.6,99.2,0.84,51.2,49.1,19.7,18.6,37.9,29.4,32.3,36.5,51.2,47.5,34.1,34.5,66.6,0.9,R32,9,2019,0.5882,10.49,Yes
Kansas,B12,36,26,112.9,92.4,0.9092,52.6,47.8,18.8,18.2,30.1,27.9,32.5,27.8,52.6,46,35,33.6,71.5,8.3,R32,4,2019,0.7222,14.13,Yes
Oklahoma,B12,34,20,110.5,93.1,0.878,50.4,47.5,17,17.3,25.8,27.8,31.3,23.1,49.7,45.8,34.6,33.3,70.3,2.5,R32,9,2019,0.5882,13.27,Yes
Oklahoma,B12,32,18,114.6,99.5,0.835,53.5,51,17.3,16.8,28.4,30,33.2,25.6,53.3,49.1,35.9,36.2,76.7,1.1,R64,10,2018,0.5625,11.68,Yes
TCU,B12,33,21,119.5,100.5,0.8804,56.5,52.3,17.8,17.4,34.2,26.1,34.1,30.5,55.1,50.1,39.4,37.6,70,2.2,R64,6,2018,0.6364,9.67,Yes
Texas,B12,34,19,109.3,93.7,0.8547,50,48.3,17,18,29.4,29.1,33,26.2,51.2,47.5,32,33.2,66.6,1.4,R64,10,2018,0.5588,11.77,Yes
Iowa St.,B12,35,23,118.4,96.6,0.912,54.7,48.4,16.3,18.8,28.3,30.1,30,23.6,55,47.1,36.2,33.6,69.1,4.3,R64,6,2019,0.6571,10.78,Yes
Kansas St.,B12,34,25,108,87.8,0.9151,49.4,48.2,17.4,22.8,28.3,25.7,30.6,30.7,48.9,49,33.4,31.4,64.9,6.5,R64,4,2019,0.7353,10.22,Yes
West Virginia,B12,37,26,120.9,95.8,0.9353,50.4,49.9,16.5,23.3,37,30.1,31.3,44.1,48.8,45.4,35.3,38,71.2,4.6,S16,5,2018,0.7027,10.59,Yes
Baylor,B12,24,22,123.2,94.5,0.9548,57.5,49.1,17.6,24.6,37.5,30.9,27,31.7,54.1,48.1,41.8,34,68.8,6.6,Champions,1,2021,0.9167,13.25,Yes
West Virginia,B12,27,18,115.9,95.3,0.9046,48.7,50.2,17,20.7,35.6,31.3,39.4,28.5,46.4,51.3,35.7,32.3,69.6,3,R32,3,2021,0.6667,15.18,Yes
Texas,B12,26,19,113.8,93.5,0.9058,52.9,46.7,20.2,17.8,31.3,26.9,34,36.7,52.4,45.8,35.7,32.3,69.1,4.2,R64,3,2021,0.7308,14.52,Yes
Kansas,B12,27,20,108.5,90,0.8964,49.8,47,17.7,20,30.9,26.9,30.5,26.5,49.3,45.9,33.8,32.6,68.2,4.2,R32,3,2021,0.7407,15.83,Yes
Oklahoma St.,B12,28,20,109.3,92.3,0.875,52.1,47.2,21.4,19.3,31.9,30.2,36.4,30.5,52.8,46.9,33.8,31.7,71.6,4.6,R32,4,2021,0.7143,15.52,Yes
Texas Tech,B12,27,17,112.3,92.2,0.9057,49.7,47.9,16.2,23.8,33.8,29.7,39.3,36.4,48.7,44.8,34.7,35.1,65.7,0.9,R32,6,2021,0.6296,12.84,Yes
Oklahoma,B12,25,15,111,94.5,0.8642,50.8,48.9,15.8,18.7,27.3,27.5,29.1,22.8,50.8,46.3,33.8,35.4,67.6,0.3,R32,8,2021,0.6,14.29,Yes
Iowa St.,B12,24,2,100.4,100.8,0.4892,48,51.9,21.1,18.5,24.3,33.1,19.6,36.2,48,53.1,32.1,33,69.8,-10.4,N/A,NA,2021,0.0833,17.29,Yes
Kansas St.,B12,28,9,97.8,97.1,0.521,47.2,53,22.3,19.7,29.9,27.9,27.9,32.2,48.7,52,30,36.3,65.8,-8.2,N/A,NA,2021,0.3214,14.05,Yes
TCU,B12,26,12,104.3,100,0.6203,49.9,50.7,20.9,17,28.9,29.3,32.4,29.3,49.5,51,33.8,33.5,67,-4,N/A,NA,2021,0.4615,11.88,Yes
Kansas,B12,40,34,119.8,91.3,0.958,53.8,45.8,17.3,18.1,32.9,28.6,32.3,27.7,53.6,46.4,36.1,29.8,69.1,10.4,Champions,1,2022,0.85,11.66,Yes
Baylor,B12,34,27,117.8,91.3,0.9491,52.8,47.8,17.9,22.9,36.3,28.8,29,27.7,53.6,49.2,34.3,30.2,67.6,8.9,R32,1,2022,0.7941,10.96,Yes
Texas Tech,B12,37,27,110.5,85.4,0.9509,52.6,45.8,19.8,23.2,33.2,25.8,35.1,31.9,54.9,44.5,32.1,31.5,66.3,6.6,S16,3,2022,0.7297,10.68,Yes
Texas,B12,34,22,112.5,91.5,0.9152,50.1,47,17.8,23,31.6,29.8,32,39,50.5,46.6,33,31.8,63.5,3.4,R32,6,2022,0.6471,7.33,Yes
TCU,B12,34,21,108.6,92.1,0.8698,48.7,47.4,21.4,18.6,37.7,26.1,31.4,26.9,50.3,48,30.2,30.9,65.9,2.9,R32,9,2022,0.6176,11.74,Yes
Iowa St.,B12,35,22,101.7,88.4,0.8346,49.1,47.9,20.4,24.6,28.4,28.3,27.1,36.7,50.1,50.8,31.5,28.9,66.3,2.8,S16,11,2022,0.6286,7.31,Yes
Oklahoma,B12,35,19,110.6,94.1,0.865,54.8,49.4,22,20.3,25.7,26.2,27.4,26.4,56.7,50.3,34.7,31.8,65.2,1.1,N/A,N/A,2022,0.5429,11.8,Yes
Oklahoma St.,B12,30,15,102.9,88,0.8575,48,45.7,21.4,22.8,32.3,31.4,33,31.2,49.8,43.7,29.5,32.4,68,-0.8,N/A,N/A,2022,0.5,11.73,Yes
West Virginia,B12,33,16,108.6,96.1,0.8025,46.8,50.6,18.2,22.5,30,33.6,36.1,34.1,45.7,51.7,32.8,32.4,67.9,-1.1,N/A,N/A,2022,0.4848,12.52,Yes
Kansas St.,B12,31,14,109.6,97.3,0.7969,49.4,49.5,16.9,19.8,25.2,28.3,29.6,32,47.5,52.4,34.6,30.2,66.4,-2.1,N/A,N/A,2022,0.4516,12.6,Yes
Kansas,B12,36,28,113.8,92.3,0.9177,52.6,47,17.5,20.2,28.7,28.7,29.8,31.1,53,47.2,34.7,31,69,10.1,R32,1,2023,0.7778,10.35,Yes
Texas,B12,38,29,116.1,91.8,0.9371,53.3,48.1,16.3,22.1,28.3,29,30.5,33.7,54,47.9,34.7,32.4,68.5,7.5,E8,2,2023,0.7632,7.3,Yes
Kansas St.,B12,36,26,112.6,94.7,0.8803,52.3,48.1,19.3,21,29.9,30.3,36.1,36.3,52.8,49.2,34.3,30.8,69.8,4.2,E8,3,2023,0.7222,13.38,Yes
Baylor,B12,34,23,121.7,100.6,0.8991,53.2,51.6,17.9,19.9,34.4,30.9,36.8,31.3,51.6,53.3,36.8,32.5,66.9,5.2,R32,3,2023,0.6765,12.33,Yes
TCU,B12,35,22,111.7,94.6,0.8704,50,48.1,16.7,21.6,32.2,30.5,34.1,30.1,51.5,49.2,31,30.8,69.7,2.2,R32,6,2023,0.6286,10.71,Yes
Iowa St.,B12,33,19,107,90.9,0.8678,49.9,49.9,19.6,25,33.9,26.5,27.9,40.8,50,49.2,33.1,33.7,64,2.4,R64,6,2023,0.5758,9.75,Yes
West Virginia,B12,34,19,117.2,97.5,0.8933,51.5,50.9,18.5,20.9,34,29.3,39.4,38.7,50.9,50.8,35,34,68.4,1.5,R64,9,2023,0.5588,12.45,Yes
Oklahoma,B12,32,15,109.6,96.3,0.8172,52.4,48,20,15.5,23.7,27.2,30.1,30.1,52.2,48.5,35.1,31.2,65,-1.7,N/A,N/A,2023,0.4688,12.75,Yes
Texas Tech,B12,32,16,110.7,97.4,0.8134,52.3,48.9,19.9,19.9,32.1,30.1,34.8,28.4,52.6,49.1,34.5,32.4,67.3,-2.5,N/A,N/A,2023,0.5,11.91,Yes
Oklahoma St.,B12,36,20,106.3,92.1,0.838,48.8,45.6,20.6,18.9,32.6,28.2,32.5,30.4,50.3,44.6,31,31.6,67.4,0.1,N/A,N/A,2023,0.5556,11.32,Yes
Villanova,BE,40,36,128.4,94.1,0.9725,59.5,48.5,15,18.2,29.6,27.1,29.4,26.7,59,49,40.1,31.7,69.6,10.6,Champions,1,2018,0.9,11.32,Yes
DePaul,BE,31,11,103.8,96,0.7111,47.9,52,19.4,20.2,32.9,28.1,29.4,32.3,48.5,49.2,31,37.1,71,-6.7,NA,NA,2018,0.3548,9.79,No
Georgetown,BE,30,15,111.5,100.4,0.7688,51.8,50.8,20.7,17,31.3,26,38.3,28.3,50.1,49.9,36.6,34.8,71.4,-3.5,NA,NA,2018,0.5,6.28,No
Marquette,BE,35,21,120.1,103.8,0.8434,56.8,53.8,17.3,18.1,27.6,29.6,28.8,38.9,52.2,53.8,41.7,35.9,70.4,1,NA,NA,2018,0.6,9.99,No
St. John's,BE,32,16,106,95.1,0.7764,49.2,50.3,16.4,22.2,23.6,32,30.4,34.4,48.8,46,33.3,37.4,70.5,-3,NA,NA,2018,0.5,11.11,No
Butler,BE,33,16,110.5,100.9,0.7394,52.1,52.7,16.1,18.9,25.7,27.6,25.2,36.3,51.4,52.2,35.3,35.7,67.2,-4.4,NA,NA,2019,0.4848,7.74,No
Creighton,BE,34,20,110.9,97.1,0.8229,56.2,52.8,18.6,19.1,24.7,26.8,29,27.9,55.7,52.9,37.9,35,70.1,-2.3,NA,NA,2019,0.5882,8.07,No
DePaul,BE,36,19,111.7,106.3,0.6381,52.7,53.2,18.8,17.7,32.7,25.6,36.1,30.9,53.3,51.2,34.3,37.3,71,-5.2,NA,NA,2019,0.5278,3.33,No
Georgetown,BE,33,19,107.7,101.3,0.6675,51,50.2,17.9,16.3,29.1,26.2,38.2,30.3,49.6,49.6,35.6,34,73.6,-2.5,NA,NA,2019,0.5758,4.98,No
Providence,BE,34,18,104.3,95,0.7446,48,49.7,18.7,20.2,31.8,28.3,39.1,32.8,47.5,48.8,32.6,34.1,69.2,-3.4,NA,NA,2019,0.5294,6.14,No
Xavier,BE,35,19,110.4,99.1,0.7748,52.8,50.7,19.6,16.2,32.2,27.2,32.6,24.9,54.7,48.7,33.1,35.6,66.6,-2.9,NA,NA,2019,0.5429,7.48,No
Butler,BE,35,21,116.1,95.3,0.9068,54,51.9,15.7,19.5,27.6,24.6,26.1,35.3,54.3,49.5,35.7,37.3,69.1,1.7,R32,10,2018,0.6,11.21,Yes
Seton Hall,BE,34,22,117.8,98.2,0.8902,52.9,50.3,17.8,17.7,34.3,28.4,35.2,29.8,52,50,36.5,33.8,70.7,2.5,R32,8,2018,0.6471,10.12,Yes
Xavier,BE,35,29,120.9,97.7,0.9211,55.9,49.9,17.2,15.7,30.2,23.1,41,25.6,55.9,49.8,37.2,33.4,71.7,8.8,R32,1,2018,0.8286,9.35,Yes
Villanova,BE,36,26,114.6,98.9,0.8448,53.2,50.4,16.9,18,30.3,27.7,34.4,28.2,53.7,49.7,35.2,34.3,65.1,3.6,R32,6,2019,0.7222,8,Yes
Creighton,BE,32,21,116.2,97.4,0.8836,57.4,50.1,15.6,15.8,22.5,24.6,26.5,24.8,58.7,50,37.2,33.6,72.3,2,R64,8,2018,0.6563,5,Yes
Providence,BE,35,21,108.4,95.9,0.8027,49.6,50.3,17.4,19,28.9,29,38.6,31.8,49.5,51.5,33.2,32.2,68.3,1.9,R64,10,2018,0.6,8,Yes
Marquette,BE,34,24,111.7,95.9,0.8524,53.5,46.3,19.4,16.6,29.4,26.1,35.1,35.9,50,45.1,38.8,32.4,70.5,2.7,R64,5,2019,0.7059,6.77,Yes
Seton Hall,BE,34,20,107.9,96.9,0.7749,49.9,49.6,17.5,19.8,29.5,29.2,34.5,32.8,50.6,48.7,32.4,34,70.4,-0.4,R64,10,2019,0.5882,8.54,Yes
St. John's,BE,34,21,107.4,99.5,0.7067,51.9,50.7,14.3,21.2,21.8,29.4,29.5,39.7,50.7,50.3,35.8,34.2,72.3,-1.2,R68,11,2019,0.6176,5,Yes
Villanova,BE,22,16,117.9,96.7,0.9076,52.8,51.8,13.5,19,27.9,24.8,30,25.8,52.8,51,35.2,35.4,65.1,3.2,S16,5,2021,0.7273,13.66,Yes
Creighton,BE,28,20,114.4,94.3,0.9025,55.7,46.9,15.8,17.8,24.8,28.2,26.9,25.7,56.3,46.1,36.7,32.1,69.1,3.5,S16,5,2021,0.7143,13.19,Yes
Connecticut,BE,22,15,114.6,92.8,0.9188,49.5,46.2,17.6,19.6,36.9,29.8,29.6,36.9,49,45.6,33.6,31.6,65.7,2.1,R64,7,2021,0.6818,12.99,Yes
Georgetown,BE,25,13,108.5,93.2,0.8516,49.6,48,21.7,16.2,32.4,27.3,30.3,25.9,46.1,47.4,36.6,32.6,69.5,-1,R64,12,2021,0.52,14.96,Yes
DePaul,BE,19,5,98.9,94.3,0.6346,46.1,48,22.1,20.1,31.8,31.6,23.7,35.3,45.7,49.1,31.5,30.9,70.2,-5.8,N/A,NA,2021,0.2632,13.3,Yes
Butler,BE,25,10,102.3,97.9,0.6237,47.5,53,17.3,18.6,26,25.2,29.4,28.5,46.8,53.4,32.3,35,64.6,-3.6,N/A,NA,2021,0.4,14.5,Yes
Providence,BE,26,13,107.7,94.7,0.8151,48.3,48.6,17.2,16.8,29.1,29.9,31.6,30.1,48.5,50.6,32,29.7,66.7,-1.8,N/A,NA,2021,0.5,13.51,Yes
Marquette,BE,27,13,107.4,95.8,0.7885,50.6,47.7,20.9,15.9,29.1,28.3,35,30,51.9,45.8,32.3,33.9,67.9,-2.1,N/A,NA,2021,0.4815,14.12,Yes
Xavier,BE,21,13,109.8,96.8,0.8087,52.1,47.6,15.8,16.4,26.8,27.3,25.9,23.5,54.3,45.7,32.5,33.8,68.4,-0.6,N/A,NA,2021,0.619,10.29,Yes
Seton Hall,BE,27,14,109.5,94.8,0.8401,50,49.4,18.9,19.2,29.7,29.8,35.7,27.3,51.1,46.6,32.1,36.6,67.1,-1,N/A,NA,2021,0.5185,14.43,Yes
St. John's,BE,27,16,110.7,98.3,0.7974,50.4,52.6,16.8,21.9,29.2,30.5,28.6,31.8,49.8,53.3,34.4,34.2,73.8,-0.6,N/A,NA,2021,0.5926,11.04,Yes
Villanova,BE,38,30,117.2,93,0.9346,51.5,47.3,15.5,18.4,31.2,28.9,29.8,25,49.5,48.1,35.9,30.8,62.2,7.3,F4,2,2022,0.7895,11.46,Yes
Providence,BE,33,27,111.4,95.5,0.8554,50,46.3,17,15.6,30.3,27.4,37,27,49,47.1,34.4,30,65.3,5.9,S16,4,2022,0.8182,7.74,Yes
Connecticut,BE,33,23,113.2,95.9,0.8709,49.6,46,17.3,18,37.9,27.6,30.5,31.7,48,42.6,35.2,35.3,65,3.1,R64,5,2022,0.697,7.39,Yes
Seton Hall,BE,31,21,105.4,93.4,0.8,47.2,45.6,17.7,18.5,32.3,29.1,30.5,27.8,45.8,45.1,33.2,31.1,67.6,1.9,R64,8,2022,0.6774,8.91,Yes
Creighton,BE,35,23,104.8,92.1,0.8151,50.6,44.9,20.4,15.5,28.4,28.5,26.7,20.8,53.3,43.6,30.8,31.7,67,1.7,R32,9,2022,0.6571,9.11,Yes
Marquette,BE,32,19,107.7,96.5,0.7787,52.1,47,17.2,18.9,22.5,31.6,26.2,29.5,52.6,46.4,34.4,32,71.2,0.6,R64,9,2022,0.5938,9.5,Yes
Xavier,BE,36,23,110.9,97.2,0.8205,50.9,48.3,16.7,18.1,29.3,26.1,35.3,25.9,52.2,48.3,32.2,32.2,68.6,-1.1,N/A,N/A,2022,0.6389,7.92,Yes
St. John's,BE,32,17,110.2,96.7,0.8178,50.8,48.9,15.9,21.3,30.7,31.5,26.1,33.2,51,47.5,33.5,34.1,73.6,-3.3,N/A,N/A,2022,0.5313,6.71,Yes
DePaul,BE,31,15,106.4,99.8,0.6759,48.8,48.8,17.4,16.8,31.7,28.5,33.4,26,49.4,47.8,31.7,33.7,68.8,-4.7,N/A,N/A,2022,0.4839,6.63,Yes
Butler,BE,31,14,102.3,97.6,0.6318,47.1,49.9,18.2,17.1,27.1,27.4,30.2,30.2,48.9,51.9,29.7,31.1,63.8,-5.3,N/A,N/A,2022,0.4516,10.49,Yes
Georgetown,BE,31,6,104.2,104.6,0.4895,46.2,53.6,18.8,18,32.3,29.9,29,27.6,43.3,52.4,34.2,36.9,70.1,-13,N/A,N/A,2022,0.1935,8.39,Yes
Marquette,BE,36,29,118.7,96,0.9197,56,51,15.3,22.5,26.2,31.7,27,29.1,58.2,50.3,35.3,34.7,68.4,7.8,R32,2,2023,0.8056,9.31,Yes
Xavier,BE,37,27,118,98.5,0.889,55.2,50.3,17.2,16.2,30.8,25,31.4,27,53.8,48.6,39,35.8,70.5,5.4,S16,3,2023,0.7297,10.42,Yes
Connecticut,BE,39,31,121.5,91.2,0.9643,53.9,44.4,18.9,18.5,38.5,26.1,30.8,37.8,53.6,44.4,36.3,29.7,66.7,5,Champions,4,2023,0.7949,10.39,Yes
Creighton,BE,37,24,115,93.2,0.9177,54.2,47.1,16.6,13.9,25.3,23.5,28.4,19.7,55.1,45.7,35.4,33.6,67.7,2.2,E8,6,2023,0.6486,11.15,Yes
Providence,BE,33,21,114.9,101.2,0.8128,51.1,49.7,16.8,16.9,34.7,27.3,36.3,25.4,50.8,49.2,34.6,33.8,66.8,1.3,R64,11,2023,0.6364,7.6,Yes
Georgetown,BE,32,7,103.5,106,0.4327,47.1,53.6,17.5,15.9,28.9,30,29.1,24.5,47.5,50.5,30.9,38.9,68.7,-12.4,N/A,N/A,2023,0.2188,8.72,Yes
DePaul,BE,33,10,106.7,104.3,0.5658,49.7,51.6,18.2,17.7,25.8,34.1,27.6,35.7,46.3,51.1,36.8,35,68.7,-8.8,N/A,N/A,2023,0.303,10.45,Yes
Butler,BE,32,14,100.6,96.7,0.613,49.5,50.1,17.6,18.6,20,30.3,25.9,22.6,49.7,51,32.7,32.1,65.6,-4.4,N/A,N/A,2023,0.4375,10.32,Yes
Seton Hall,BE,32,17,106.2,93.7,0.8082,49,47.6,20.1,21.1,30.5,30,40.1,30.9,49,47.7,32.8,31.6,66.4,-2,N/A,N/A,2023,0.5313,10.12,Yes
Villanova,BE,34,17,112.3,99.3,0.8047,51.5,50.7,15.5,17.3,22.6,25.2,30,27.7,52.8,50.7,33.4,33.8,63.7,-2.2,N/A,N/A,2023,0.5,10.12,Yes
St. John's,BE,33,18,107.9,97.7,0.7568,49.4,50.2,18.7,19.7,34,27.6,27.7,29.6,49.3,49.2,33.1,34.5,73.4,-2.6,N/A,N/A,2023,0.5455,7.18,Yes
California,P12,31,8,97.1,103.2,0.3301,44.5,54.5,20.8,19.7,34.8,30.6,38.1,38.4,45.1,51.6,28.6,39.4,69.9,-13.3,NA,NA,2018,0.2581,5.14,No
Colorado,P12,32,17,104.8,99,0.6588,50.6,49.3,20,15.1,29.3,26.3,33.3,34,48.8,46.6,35.8,35.7,69.2,-4.5,NA,NA,2018,0.5313,6.26,No
Oregon,P12,36,23,110,100,0.7501,53.3,50.3,17.1,19,31,26.8,31.7,36.3,53.1,48.4,35.7,35.6,68.6,-2.3,NA,NA,2018,0.6389,3.5,No
Oregon St.,P12,32,16,107.4,100.9,0.6713,52.1,49.6,19.4,18.6,31.8,28.7,38.7,38.2,53.3,48.1,32.9,34.8,66.8,-7.3,NA,NA,2018,0.5,3.02,No
Stanford,P12,35,19,107.6,98.5,0.7341,51.9,49.7,20.6,15.9,32.8,27,41.6,29.2,50.3,47.9,36.9,35.1,71.9,-4.3,NA,NA,2018,0.5429,6.29,No
USC,P12,36,24,114,98.6,0.8423,53.8,51,15.3,19.2,30,28.8,29.9,26.6,52.4,49.8,37.6,35.2,69,-0.4,NA,NA,2018,0.6667,5.12,No
Utah,P12,35,23,111.4,97.9,0.8156,54.5,48.3,17.5,17.5,24.1,28.6,34.4,28.8,53.6,47,37,33.6,67.1,-1.5,NA,NA,2018,0.6571,6.31,No
Washington,P12,34,21,105.9,98.8,0.6886,51.7,50.7,18.6,21.1,28.9,33.3,36.7,34.4,51.6,50.9,34.6,33.4,70.8,-2.5,NA,NA,2018,0.6176,4.75,No
Washington St.,P12,31,12,107.5,109.5,0.4469,54.1,53.5,19.4,16.4,24.6,31.2,24.7,28.5,51.7,54.2,37.7,34.9,69.6,-9.9,NA,NA,2018,0.3871,4.41,No
Arizona,P12,32,17,104,97.4,0.6807,49,50.9,16.7,20.3,28.4,25.9,33.3,35,48.1,51.9,33.6,32.9,68.3,-4.2,NA,NA,2019,0.5313,5.62,No
California,P12,31,8,102.9,106.9,0.3925,48.6,56.9,16.5,20.5,23.3,31.4,34.8,36.1,46.5,56.7,35,38.1,68,-13.5,NA,NA,2019,0.2581,4.76,No
Colorado,P12,36,23,105.8,95.7,0.7584,51,48.4,19.1,17.4,30.7,23.6,37.2,31.1,52.3,48.8,32.3,31.8,69.5,-3.6,NA,NA,2019,0.6389,2.29,No
Oregon St.,P12,31,18,110.5,103.7,0.6759,52.2,50.2,18.3,17.6,30.8,29,36.8,33.5,54.5,46.7,32.1,37.3,67.2,-3.9,NA,NA,2019,0.5806,3.33,No
Stanford,P12,31,15,101.4,97.6,0.6083,51.2,47.9,20.8,17.2,29.9,28.3,36.1,32.9,53.2,46.4,31.7,34.5,71.2,-5.8,NA,NA,2019,0.4839,4.39,No
UCLA,P12,33,17,108.2,101.3,0.6824,52,49.6,19,15.1,30.8,27.1,38.2,27.6,51.4,47.9,35.5,34.7,74,-5.2,NA,NA,2019,0.5152,5.61,No
USC,P12,33,16,109,100.5,0.7164,52.8,49.1,16.5,18.1,27,29.9,27.6,30,50.3,48.4,38.2,33.4,71.2,-7.1,NA,NA,2019,0.4848,3.68,No
Utah,P12,31,17,113.9,106.4,0.6862,55,52.3,19.2,14.7,31,27.1,35.5,32.5,54.6,51.7,37,35.6,67.6,-4.2,NA,NA,2019,0.5484,4.8,No
Washington St.,P12,32,11,105,108.8,0.3986,52.8,54.7,19.2,17.1,25.2,29.5,30.3,28.4,51.5,54.9,36.4,36.2,71.8,-12.2,NA,NA,2019,0.3438,1.63,No
Washington,P12,36,27,105.6,93.1,0.8097,52.1,47.5,19.8,24.2,29.1,34.9,34.7,34,51.9,46,35,33.4,67.3,3.1,R32,9,2019,0.75,6.06,Yes
Arizona,P12,35,27,117,100.4,0.8528,56.3,49.9,17.5,16.7,33.2,25.1,36.9,31.2,56.7,47.7,36.9,35.8,68.3,3.8,R64,4,2018,0.7714,5.96,Yes
Arizona St.,P12,34,23,108.7,97.6,0.775,50.6,48.5,18.7,19,31.7,26.9,43.8,38.6,50.8,47.3,33.6,33.4,71.9,0.1,R64,11,2019,0.6765,5.56,Yes
Arizona St.,P12,32,20,115.7,102.1,0.8089,53.8,50.6,14.7,20.4,28,30.6,41.3,32.7,53.2,50.2,36.4,34.2,72.7,-1.2,R68,11,2018,0.625,5.48,Yes
UCLA,P12,33,21,113.7,100.6,0.8029,53.7,49.1,16.6,14.5,28.5,26.9,35.5,29.7,51.4,47.3,38.1,34.6,71.5,0,R68,11,2018,0.6364,6.42,Yes
Oregon,P12,38,25,108.1,91.7,0.8687,52,46.4,17.8,20.9,29.6,28.8,29.4,33.9,51.6,48.8,35.1,29,65.4,-1.1,S16,12,2019,0.6579,5.47,Yes
Colorado,P12,30,22,113.7,93.5,0.9045,52,47.7,16.8,19.8,30.9,25.6,29.9,28,50.3,46.5,36.7,33.3,66.3,2.6,R32,5,2021,0.7333,15.43,Yes
USC,P12,29,22,112,92,0.9052,52.1,45.4,18.1,17.4,35.7,27.3,37.5,24.8,52.1,42.2,34.8,34.2,67.2,3.6,E8,6,2021,0.7586,16.27,Yes
Oregon,P12,26,20,113.1,98.2,0.835,54.4,50.1,16.8,20.3,28.3,27.2,26.8,27.1,52.9,49.9,37.9,33.6,67.2,3,S16,7,2021,0.7692,15.2,Yes
UCLA,P12,26,17,112.3,97.5,0.835,52,50.7,16.6,17.6,30.4,24.4,32.6,28,50.6,49.4,36.7,35.1,64.7,1,F4,11,2021,0.6538,17.38,Yes
Oregon St.,P12,28,17,108.5,99.6,0.7289,48.7,50.4,17.2,18.5,29.8,29.4,34,38.2,46.9,52.5,34.6,31.4,65.1,-1.6,E8,12,2021,0.6071,16.72,Yes
Washington,P12,26,5,101.4,102.5,0.4696,48.9,51.2,19.2,17.2,23.4,34.4,26.2,34.7,48.3,50.6,33.2,34.9,71,-10.4,N/A,NA,2021,0.1923,17.97,Yes
California,P12,28,9,102.7,100.9,0.5498,49.4,53,19.3,17.6,24.3,25.1,34,34,49.5,51.1,32.9,37.9,65.1,-9.7,N/A,NA,2021,0.3214,15.58,Yes
Arizona St.,P12,25,11,106.6,99.7,0.6838,49.2,52.5,15,20.7,21.4,30.1,33.3,36.1,48.8,51.5,33.3,36.2,72.9,-4.6,N/A,NA,2021,0.44,16.04,Yes
Utah,P12,25,12,110.8,98.5,0.7942,53.1,51.2,18.4,19.6,23.6,29.5,28.8,27.3,53,49.6,35.5,36,67.6,-3.9,N/A,NA,2021,0.48,15.67,Yes
Stanford,P12,27,14,103.8,93.6,0.7679,51.4,48.3,21,20.3,25.1,28.7,36.5,27,52.8,46.9,32.2,33.6,69.4,-2.4,N/A,NA,2021,0.5185,16.46,Yes
Washington St.,P12,27,14,101.1,93.6,0.7087,47.9,46.6,21.6,18.5,30.8,26,34.7,32.7,45.7,46.4,34.1,31.3,68,-4.5,N/A,NA,2021,0.5185,12.08,Yes
Arizona,P12,26,17,113.1,96.9,0.8559,50.5,49.2,17.2,18,34.3,24.4,41.8,32.4,48.1,48,37.2,34.1,68.1,-0.6,N/A,NA,2021,0.6538,13.38,Yes
Arizona,P12,37,33,118,93.7,0.9341,55.6,44.4,18.3,17.4,34.7,28.6,34.9,24,57,41.8,35.3,32.8,72.3,8.8,S16,1,2022,0.8919,17.97,Yes
UCLA,P12,35,27,115.8,92.2,0.9321,50.6,47.6,13.2,19.4,31.3,25.3,29.5,28.3,49.5,47.3,35.4,32.1,65.4,5.1,S16,4,2022,0.7714,12.08,Yes
USC,P12,34,26,108.6,96.2,0.8021,51.2,44.7,17.9,14.4,33.5,26.7,30.9,26.8,50.1,42,35.7,33.2,66.2,4.1,R64,7,2022,0.7647,5.14,Yes
Washington St.,P12,37,22,107.6,93.1,0.8405,47.9,46.9,16.6,20.4,33.4,29.5,29.8,30.3,46.2,47.4,33.5,30.6,66.2,-4,N/A,N/A,2022,0.5946,5.09,Yes
Oregon,P12,34,20,109.6,98.7,0.7705,51.1,49.6,17.1,19.2,29.9,31.1,29.7,29.1,51.6,50.2,33.5,32.4,67.7,-2.4,N/A,N/A,2022,0.5882,7.47,Yes
Arizona St.,P12,31,14,100.6,92,0.7378,47.1,46.3,17.3,19.6,24.9,30.3,21.2,32.3,47.7,46.1,30.7,31.1,67.3,-4.1,N/A,N/A,2022,0.4516,6.45,Yes
Colorado,P12,33,21,105.4,96.4,0.7358,50.4,48.1,19.7,17.5,29.9,24.4,34.7,27,48.1,47.2,36.6,33.1,67.3,-0.3,N/A,N/A,2022,0.6364,5.01,Yes
Washington,P12,32,17,104.4,98.4,0.6629,46.4,49.9,16.7,22.1,29.3,35.6,34.7,30.1,46.2,49.8,31.2,33.5,69.6,-4.4,N/A,N/A,2022,0.5313,5.82,Yes
Stanford,P12,32,16,103.5,98.7,0.6337,49.8,51.4,22.3,16.4,33.8,22.9,29.9,29,49.2,52.9,33.9,32.7,66,-3.2,N/A,N/A,2022,0.5,8.67,Yes
Utah,P12,31,11,106.6,102.2,0.6189,48.4,49.4,18.1,15.2,29.3,29.2,30,28.6,47.3,49.4,33.5,32.9,66.4,-9.4,N/A,N/A,2022,0.3548,6.09,Yes
California,P12,32,12,100,97.2,0.5821,46.9,47.5,17.1,14.7,25.5,23.4,25.3,31.5,47.2,48.1,30.8,30.9,64.1,-8.8,N/A,N/A,2022,0.375,6.07,Yes
Oregon St.,P12,31,3,105.3,109.4,0.392,49.2,55,18.2,17.5,26.2,34,27.6,29.1,49.8,55.8,31.9,35.9,66.7,-16.1,N/A,N/A,2022,0.0968,8.12,Yes
Arizona,P12,35,28,119.4,95.4,0.9292,56.5,47.1,18.4,16.9,30.7,26.1,35.8,25.5,56.4,46.2,37.8,32.3,72.2,7.6,R64,2,2023,0.8,8.4,Yes
UCLA,P12,37,31,114.9,88.5,0.9528,51.1,46.8,14.9,23.3,33,28.2,27.4,27.5,50.6,46.9,34.9,31.1,66.1,8.4,S16,2,2023,0.8378,8.7,Yes
USC,P12,33,22,111.8,97.4,0.8298,51.2,45.4,18.1,17.9,28.8,32.7,33.2,30.2,51,42.7,34.5,33.4,68,2.1,R64,10,2023,0.6667,7.6,Yes
Arizona St.,P12,36,23,108.4,95,0.8207,48.4,46.5,16.8,20.1,29.2,31.5,31.2,33.5,48.5,43.6,32.2,34.1,68.1,1.2,R64,11,2023,0.6389,8.32,Yes
California,P12,32,3,95.8,103.6,0.2897,43.7,51.6,20.1,16,25.3,30.4,31.5,32.6,43.2,52.5,29.8,33.4,63.3,-16.7,N/A,N/A,2023,0.0938,7.93,Yes
Oregon St.,P12,31,11,98.5,101.9,0.4038,46.5,49.6,20.8,18.2,25.3,30.6,33.9,33.9,45.7,49.1,31.9,33.7,63.5,-9.3,N/A,N/A,2023,0.3548,6.59,Yes
Stanford,P12,33,14,114.4,102.9,0.7722,52.4,51.5,18.9,18.3,31.2,26.4,29.4,28.6,51.1,50.4,36.3,35.4,65.7,-6.2,N/A,N/A,2023,0.4242,7.59,Yes
Washington,P12,32,16,103.9,98.3,0.6549,48.8,47.1,19.9,18.4,26.4,34.6,31.7,25.4,50,48.6,31.3,29.7,69.1,-3.8,N/A,N/A,2023,0.5,7.35,Yes
Utah,P12,32,17,106.7,95,0.7908,48.9,45,18,15.2,31.3,27.4,29.2,24.4,48.4,44.9,33.3,30.2,66,-3.3,N/A,N/A,2023,0.5313,6.16,Yes
Washington St.,P12,34,17,111.3,98,0.8115,50.4,49.8,18.5,16.6,31.5,26.1,28.2,28.4,46.3,50.5,37.3,32.2,64.2,-3,N/A,N/A,2023,0.5,8.25,Yes
Colorado,P12,35,18,106.5,95.1,0.7876,49,48,19,19.3,30.8,25.1,29.9,31.4,49.4,47.9,32.2,32.1,69,-3.4,N/A,N/A,2023,0.5143,7.91,Yes
Oregon,P12,36,21,113,97.1,0.8511,51.1,47.1,18.3,16.4,32.5,26.4,32,23.9,53.1,45.1,32,33.7,66.4,-0.3,N/A,N/A,2023,0.5833,9.06,Yes
Kentucky,SEC,37,30,117.5,89.8,0.9568,53,46.6,18.6,17.9,36.8,25.5,41.9,26.8,52.9,43.6,35.4,34.3,66.9,8.8,E8,2,2019,0.8108,11.32,Yes
Auburn,SEC,39,30,121.3,95.2,0.942,54.4,51.7,16.8,24.6,31.6,32.8,30.9,36.4,51.7,51.4,38.1,34.8,69.3,6.1,F4,5,2019,0.7692,12.23,Yes
Georgia,SEC,33,18,107.5,95.3,0.8007,47.5,45.6,19.2,14.5,34.8,28.9,40.1,27.7,47.4,43.1,31.8,33.2,65.6,-1.1,NA,NA,2018,0.5455,10.09,No
LSU,SEC,33,18,114.2,102.7,0.7721,54.5,52.7,16.6,19.6,29.2,31.6,32.5,32.7,56.3,52.6,34.6,35.3,69.5,-1.9,NA,NA,2018,0.5455,8.59,No
Mississippi,SEC,32,12,110.4,103.9,0.6687,48.3,51.5,15.9,17.3,31.3,30.7,33.8,36.9,48.7,48.1,31.9,37.8,71,-7,NA,NA,2018,0.375,9.62,No
Mississippi St.,SEC,36,25,111.2,96.6,0.8343,52.2,48.3,19.1,19.5,32.1,30.7,31.7,29.7,55.2,47.2,31.5,33.3,68.6,0,NA,NA,2018,0.6944,7.03,No
South Carolina,SEC,32,17,104.7,94.8,0.759,46.2,49.3,19.7,21,33.6,27.5,42.8,43.1,43.5,48.7,33.8,33.5,69.8,-3.1,NA,NA,2018,0.5313,9.63,No
Vanderbilt,SEC,32,12,114.7,105.9,0.7142,51.8,52.4,17.7,14.7,28.6,27.7,36.2,36.5,50.8,50.7,35.3,37.4,67,-6,NA,NA,2018,0.375,11.07,No
Alabama,SEC,34,18,107.4,95.6,0.7931,50.3,48.9,19.5,16.9,31.5,28,38,29.6,49.9,48.5,34,33.3,70.1,-0.2,NA,NA,2019,0.5294,10.1,No
Arkansas,SEC,34,18,109.3,96.7,0.8046,51,49.4,18.3,22.5,28.3,34.8,38.4,41.7,50.6,48.9,34.5,33.3,71.9,-2.2,NA,NA,2019,0.5294,8.48,No
Georgia,SEC,32,11,105,100,0.6344,50.1,48.5,22.5,15.5,32.7,31,41.3,29.9,51.1,47.8,32.2,33.2,70.2,-7.4,NA,NA,2019,0.3438,8.92,No
Missouri,SEC,32,15,107.3,95,0.8011,50.5,49.4,21,18.1,31.9,25.7,29.8,38.1,47.6,50.6,36.3,31.9,66.1,-3,NA,NA,2019,0.4688,9.53,No
South Carolina,SEC,31,16,107.8,96.3,0.7861,48.3,49.5,19.2,20.3,31.8,31.1,36.2,39.6,44.9,48.2,36.5,34.2,71.8,-2.1,NA,NA,2019,0.5161,10.48,No
Texas A&M,SEC,32,14,106.4,98.3,0.7129,49.3,49.3,20,18.5,32.7,32.5,34.2,27,51,49.1,30.8,33.1,69,-4.4,NA,NA,2019,0.4375,9.37,No
Vanderbilt,SEC,32,9,100.3,100.1,0.5062,48.6,49.5,20.5,16.4,29,29.3,40.6,33.3,50,48,31.1,34.9,68.9,-9.1,NA,NA,2019,0.2813,9.34,No
Alabama,SEC,36,20,107.9,95.3,0.8074,51.9,47.8,20.3,18.7,29.4,30.9,41.9,36.5,53.5,46.9,32.6,32.8,69.9,-1.1,R32,9,2018,0.5556,11.17,Yes
Auburn,SEC,34,26,114,96.9,0.8672,50.8,49.7,16.4,20.7,32.1,28,39.8,38.1,48.7,47.7,35.7,35.1,73.8,4.3,R32,4,2018,0.7647,7.52,Yes
Florida,SEC,34,21,115.2,93.9,0.9132,50.8,48.7,14.3,20,28.7,30.5,32.6,32.4,47.6,46.6,37,35.2,68.5,1.4,R32,6,2018,0.6176,10.74,Yes
Tennessee,SEC,35,26,114.2,92,0.9225,50.8,46.7,17.9,20.4,33.4,31.1,35.5,37.6,47.3,46.1,38,31.8,67.1,6.4,R32,3,2018,0.7429,11.01,Yes
Florida,SEC,36,20,110.3,91.6,0.8947,49.8,48.1,17.9,22.4,30.6,32.2,29.9,33.6,49.5,48.5,33.4,31.6,64.3,0.7,R32,10,2019,0.5556,12,Yes
Arkansas,SEC,35,23,116.7,100.4,0.8483,53.8,50.4,15.1,19.4,28.8,31.7,37.4,40.8,51.2,48.2,39.5,35.7,71.1,2.8,R64,7,2018,0.6571,9.9,Yes
Missouri,SEC,32,20,111,96,0.842,54.1,46.7,20.8,16,30.3,27.9,38.3,30.3,50.3,45.4,39,32.7,66.8,0.4,R64,8,2018,0.625,9.55,Yes
Mississippi,SEC,33,20,113.3,97.9,0.8433,53.1,51,18.2,20.6,30.2,29.3,30.9,33.5,52.7,48.2,35.8,37.4,69.7,0.9,R64,8,2019,0.6061,8.69,Yes
Mississippi St.,SEC,34,23,116.9,96.8,0.898,54.6,50.3,19.2,19.5,34.7,29.6,32.7,32.1,53.4,48.4,37.7,35.7,69,4.5,R64,5,2019,0.6765,10.09,Yes
Kentucky,SEC,37,26,115.8,95.6,0.9,51.8,46.8,18.6,16.8,35.7,31,44,32.3,51.2,48,35.7,30.1,70,4.3,S16,5,2018,0.7027,10.91,Yes
Texas A&M,SEC,35,22,111.2,94.7,0.864,51.4,46.9,19.2,15.3,33.9,27.3,32,27.6,52.5,45.7,32.9,32.6,70.3,1.9,S16,7,2018,0.6286,11.69,Yes
LSU,SEC,35,28,117.9,96.6,0.9081,51.2,49.9,17.9,20.1,36.7,30.8,37.1,33.1,52.9,49.4,31.9,33.7,71.2,7.3,S16,3,2019,0.8,10.02,Yes
Tennessee,SEC,36,31,122.8,95.2,0.9488,55.3,48.1,15.8,18,31.6,30.2,33.3,34.9,55.4,44.7,36.7,35.4,68.8,9.9,S16,2,2019,0.8611,10.69,Yes
Alabama,SEC,30,24,111,88.1,0.9343,51.3,45.3,18.6,21.1,31.5,29.8,28.6,31.9,50.1,46.4,35.1,28.8,73.9,6.8,S16,2,2021,0.8,14.8,Yes
Arkansas,SEC,28,22,110.4,91.2,0.8997,51.5,47.6,17.4,20.3,31.7,26.2,32.7,29.3,51.9,46.9,33.9,32.6,73.1,4.6,E8,3,2021,0.7857,12.69,Yes
Tennessee,SEC,26,18,108.8,89.2,0.9072,50.1,45.9,18.2,22.9,31.4,28.6,35.1,31.1,49.8,44.8,33.8,31.8,66.9,2.4,R64,5,2021,0.6923,13.11,Yes
Florida,SEC,23,14,110.6,93.4,0.8748,52.5,47.5,20.7,20.5,30.7,31.5,33.8,34.8,51.9,48.4,35.7,30.6,68.6,1.4,R32,7,2021,0.6087,14.72,Yes
LSU,SEC,27,18,119.3,99.8,0.8868,52.8,48.5,16.1,18.4,31.5,32.8,33.9,29.1,53,51.3,35,30,70.4,2.4,R32,8,2021,0.6667,14.77,Yes
Missouri,SEC,25,16,111.3,95,0.8599,50.9,48.5,18.9,18.4,28.6,29.2,37.5,36.4,52.6,48.3,32,32.7,68.6,2.1,R64,9,2021,0.64,15.85,Yes
South Carolina,SEC,21,6,103.4,99.6,0.6075,46.7,53.2,19.8,22,32.2,31.3,27.9,39,47.2,52,30.5,36.8,74.5,-5.5,N/A,NA,2021,0.2857,15.42,Yes
Texas A&M,SEC,18,8,102.1,98.7,0.5943,47.7,53.1,22.4,22.7,32.8,30.1,33.7,29.6,49.5,55,30,34.1,65,-4.1,N/A,NA,2021,0.4444,9.1,Yes
Kentucky,SEC,25,9,108.5,93.3,0.8504,47.1,46.7,19.8,17.9,32.6,30.5,34.5,29.7,45.5,46.6,33.7,31.2,68.3,-3.9,N/A,NA,2021,0.36,16.91,Yes
Vanderbilt,SEC,25,9,108.6,100.1,0.7185,51.2,52.1,19.8,19.8,28.1,28.5,32.9,33.7,50.2,52.9,34.9,33.8,68.5,-5.8,N/A,NA,2021,0.36,12.7,Yes
Auburn,SEC,27,13,110.5,98.7,0.786,51.2,49.6,21.9,18.5,35,31.7,36.2,31.6,53.1,49.9,32.6,32.7,71,-2.2,N/A,NA,2021,0.4815,14.54,Yes
Georgia,SEC,25,14,108.2,99.7,0.7198,50.7,52.5,21.5,21.6,32.8,32.3,34.3,31.4,51.8,53.3,32.3,34.2,73.3,-2.2,N/A,NA,2021,0.56,12.37,Yes
Mississippi St.,SEC,29,15,105.4,94.1,0.7875,49.6,47,21.9,17.5,36.4,27.6,32.9,24.1,49.4,45.9,33.6,32.3,65.6,-3,N/A,NA,2021,0.5172,12.31,Yes
Mississippi,SEC,27,16,106.4,91.5,0.8493,48.9,48.6,20.4,22.7,34.8,27.2,34.4,33,50.6,45.8,29.9,35.7,65.1,-1.3,N/A,NA,2021,0.5926,10.75,Yes
Kentucky,SEC,34,26,119.4,95.4,0.9295,53.1,46.9,16.7,17.5,37.7,24.9,28,25.4,53.5,47.3,34.7,30.8,67.8,6.9,R64,2,2022,0.7647,8.88,Yes
Auburn,SEC,34,28,111.7,90,0.9228,49.9,44.1,16.7,20,33.7,28.9,31.6,34.2,51.3,42.8,31.8,31,70,7.4,R32,2,2022,0.8235,8.35,Yes
Tennessee,SEC,35,27,111.3,87.1,0.9439,50.7,46.4,17.7,22.9,32.4,27.2,29,31.5,48.5,46,35.9,31.3,67.4,8,R32,3,2022,0.7714,11.39,Yes
Arkansas,SEC,37,28,108.7,90.7,0.8894,48.6,47.5,16.9,20.5,29.6,25.3,37.2,31.9,50.1,46.8,30.4,32.4,70.6,4.5,E8,4,2022,0.7568,9.08,Yes
LSU,SEC,34,22,106.3,89.6,0.8766,49.4,45.1,20.7,25.1,33.8,30.9,33.4,37.8,50.4,47.6,31.6,28.2,68.7,2.3,R64,6,2022,0.6471,9.1,Yes
Alabama,SEC,33,19,115.2,98.3,0.8612,51.3,49.8,19.8,17.9,35.3,30.5,32.9,34.8,55.9,49.3,30.9,33.8,71.8,2,R64,6,2022,0.5758,12.58,Yes
Texas A&M,SEC,39,27,109.2,93.3,0.8597,49.6,47.4,18.9,23.7,33.5,33.2,35.7,33.3,50.1,47.9,32.4,31.1,66.5,1.2,N/A,N/A,2022,0.6923,10.98,Yes
Florida,SEC,34,20,109.8,97,0.8056,49.6,49.4,18.5,21.8,31.5,32.5,33.8,30.3,53.1,49.9,30.3,32.2,65.5,-0.9,N/A,N/A,2022,0.5882,7.6,Yes
Vanderbilt,SEC,36,19,106.7,94.7,0.7985,50.2,48.5,18.9,20.7,27.5,27.7,38.7,34.9,49.5,50.7,34,30.1,67.4,-3.1,N/A,N/A,2022,0.5278,8.58,Yes
Mississippi St.,SEC,34,18,107.6,95.6,0.7973,49.6,49.6,19.5,19.4,34.1,25.7,38.1,28.3,51.7,50.9,29.5,31.9,65.5,-2.4,N/A,N/A,2022,0.5294,7.96,Yes
Mississippi,SEC,32,13,106,99.1,0.6857,49.6,51.4,18,19.4,26.7,26.6,28.7,28,50,53.1,32.6,32.3,65.4,-7.1,N/A,N/A,2022,0.4063,7.43,Yes
South Carolina,SEC,30,18,100.1,94.2,0.6679,47.3,47.3,21.4,21.5,33.6,32.1,29.2,41.6,47.4,46.9,31.3,32,70.6,-1.1,N/A,N/A,2022,0.6,8.85,Yes
Missouri,SEC,32,12,102.1,100.8,0.5369,47.1,50.8,21.6,17.9,31.4,29.7,29.9,35.6,49.4,49.7,28.1,35.1,65.7,-7,N/A,N/A,2022,0.375,10.34,Yes
Georgia,SEC,32,6,107,108.8,0.4513,50.2,54.6,20.7,15.7,25.8,30.1,39,24.1,51.3,56.1,32.1,34.9,68.8,-13.7,N/A,N/A,2022,0.1875,8,Yes
Alabama,SEC,37,31,116.1,89,0.9548,52.1,41.3,18.7,15.8,34.2,27.9,36.6,32.6,53.8,40.8,33.5,28.3,72.6,10.2,S16,1,2023,0.8378,11.07,Yes
Tennessee,SEC,36,25,111.2,87.5,0.9401,49.9,42.8,18.1,22.2,36.4,26.9,30.7,33.8,50.3,45.1,32.8,26.5,65.1,2.8,S16,4,2023,0.6944,8.69,Yes
Kentucky,SEC,34,22,115.7,97.7,0.8738,50.6,48.6,17.4,16.6,39.2,25,31.9,29.9,50,48.6,34.7,32.4,65.8,1.6,R32,6,2023,0.6471,8.52,Yes
Missouri,SEC,35,25,117.5,104.5,0.7939,55,52.3,15.8,24,26.3,37.2,29.1,34.2,55.8,52.2,36,35,68.9,3.5,R32,7,2023,0.7143,7.33,Yes
Texas A&M,SEC,35,25,113.8,95.7,0.8808,48.8,48.2,18.3,20.9,36.7,30.4,45.1,34.7,48.8,47.2,32.6,33,66,3.7,R64,7,2023,0.7143,9.34,Yes
Arkansas,SEC,36,22,111.9,93.3,0.8894,50.9,47.2,18.1,20.5,30.8,27.9,39.3,39.5,52.5,47.4,31.3,31.1,69.5,0.4,S16,8,2023,0.6111,10.29,Yes
Auburn,SEC,34,21,113.1,94.9,0.8829,49.5,45.7,17.7,18.9,32.8,32.4,36.3,38.9,50.7,47,31.5,28.8,67.6,1.1,R32,9,2023,0.6176,9.68,Yes
Mississippi St.,SEC,34,21,103.4,91.8,0.7985,46.7,46.2,19.4,21.7,35.5,28.6,33.8,27.6,50.4,45.8,26.6,31.1,63.6,0.4,R68,11,2023,0.6176,6.98,Yes
South Carolina,SEC,32,11,102.9,106.2,0.4086,46.9,52.6,19.9,15.9,32.7,32.5,26.8,29.4,45.8,53.7,32.3,33.8,64.2,-9.7,N/A,N/A,2023,0.3438,6,Yes
Mississippi,SEC,33,12,106.2,100.8,0.6459,47.5,49.5,18.3,18,33.3,29.9,29.2,30.3,48.6,48.9,30.3,33.8,66,-8.5,N/A,N/A,2023,0.3636,7.33,Yes
LSU,SEC,33,14,105.9,104.2,0.5459,47.3,51.8,18.4,17.5,31.7,28.8,33.7,30.3,46.2,52.1,32.7,34.3,65.8,-7.3,N/A,N/A,2023,0.4242,5.91,Yes
Georgia,SEC,32,16,103.3,102.6,0.5201,47.1,49.8,19.3,16.8,30.5,30.5,40.5,28.9,46.8,51,31.7,31.9,67.6,-5.5,N/A,N/A,2023,0.5,3.79,Yes
Florida,SEC,33,16,105.7,96.2,0.7467,49.4,46.3,16.1,17.8,23.8,30.7,34.5,29.2,50.7,45.8,31.4,31.6,69.4,-2.9,N/A,N/A,2023,0.4848,8.9,Yes
Vanderbilt,SEC,37,22,114,102.5,0.7728,49.6,48.6,16,15.3,30.8,31.9,31.6,31.2,49,49.8,33.6,31,66.4,-0.3,N/A,N/A,2023,0.5946,8.7,Yes
